223
496
338
364
559
878
666
570
231
526
87
644
580
237
522
642
495
619
315
392
145
761
822
592
691
707
793
637
138
179
840
890
444
238
206
775
110
207
613
9
340
467
648
160
755
518
860
264
894
148
167
281
305
69
532
734
695
125
654
653
510
49
560
408
373
708
390
296
129
304
481
759
365
161
35
596
140
36
419
88
30
694
438
215
55
124
126
70
449
358
880
537
130
770
647
394
531
709
550
473
525
581
62
629
82
411
887
704
854
369
533
572
212
276
56
645
855
396
660
573
322
350
433
567
672
355
726
710
784
810
536
703
669
732
303
852
406
375
220
741
105
763
451
638
455
485
544
439
886
682
109
794
244
141
374
400
764
460
284
587
6
379
393
12
108
838
466
500
857
620
273
652
58
595
713
603
686
79
357
571
27
643
291
480
578
683
547
335
262
585
461
93
218
815
862
740
182
835
492
796
117
268
261
882
410
7
177
95
397
633
790
233
474
293
169
53
513
271
539
153
279
345
853
509
758
589
46
90
89
243
463
783
332
314
91
569
828
690
331
222
372
742
274
416
176
450
115
203
378
824
188
452
422
441
26
800
553
302
448
418
508
435
616
157
630
706
884
839
529
667
417
665
738
746
733
576
39
552
234
876
371
846
201
760
97
389
689
391
501
330
152
511
173
240
31
57
863
754
100
178
632
601
851
68
745
858
317
768
750
25
432
664
239
593
599
181
427
563
797
252
523
354
353
399
29
503
147
757
615
440
577
861
640
631
676
156
135
253
402
171
131
292
260
504
716
608
520
11
743
530
312
199
247
214
519
275
477
106
834
607
308
478
889
729
294
18
258
272
586
259
191
236
336
77
875
727
476
8
769
514
67
116
387
21
265
579
528
241
403
837
868
549
747
610
693
442
423
269
19
165
674
383
362
739
679
465
313
545
555
722
326
515
256
787
556
254
681
468
349
327
208
879
725
832
306
434
78
424
280
186
829
235
487
54
75
765
111
841
22
329
107
132
678
821
61
684
540
386
232
270
719
360
842
443
421
622
59
891
99
767
497
639
475
597
113
792
771
217
881
348
659
300
404
251
472
230
149
888
285
202
51
5
198
32
114
384
688
649
414
789
45
817
661
600
290
321
883
471
80
668
512
730
172
872
812
591
255
692
675
527
736
352
671
486
493
866
814
623
307
337
413
662
73
184
316
50
753
490
568
301
133
405
370
297
779
168
277
43
37
347
843
377
346
833
744
155
142
10
811
385
213
183
551
382
446
470
606
564
376
323
614
211
893
44
20
286
159
118
356
849
137
263
714
464
762
711
84
407
785
103
187
287
310
204
122
827
101
542
3
844
219
4
856
428
712
16
780
86
845
193
426
52
687
320
870
507
778
1
655
751
541
458
162
892
66
457
170
48
429
624
412
33
635
826
388
820
229
749
164
343
197
609
836
895
425
658
867
136
877
605
680
801
625
361
494
246
139
288
702
731
831
81
469
13
575
158
670
398
756
319
816
583
420
483
14
180
453
612
121
873
543
351
166
163
60
805
174
584
482
368
698
205
781
699
798
41
479
516
705
185
447
359
813
663
74
227
72
786
735
636
436
558
24
766
63
216
491
127
190
200
23
720
38
752
380
799
773
123
